requests_per_sec: 6856.8782570649855
bytes_per_sec: 146725372
total_requests: 1584402
total_bytes: 35360814843
total_errors: 0
latency_mean: 30752.881894060676
latency_stdev: 24170.059876307518
latency_max: 1306000
latency_p50: 26000
latency_p75: 46000
latency_p90: 57000
latency_p99: 101000
latency_stdev_pct: 78.59445485327181
latency_distribution: []
errors: {}
memory_usage_bytes: 771017932
cpu_usage_percent: 395.2
req_per_sec_avg: 6546.254129967499
req_per_sec_stdev: 955.7901383321556
req_per_sec_max: 7047.827849756942
req_per_sec_stdev_pct: 14.600565748841484
