requests_per_sec: 60898.97389525252
bytes_per_sec: 12990335
total_requests: 13614345
total_bytes: 3117680425
total_errors: 0
latency_mean: 1089.8389471878213
latency_stdev: 724.1611345895535
latency_max: 147000
latency_p50: 0
latency_p75: 1000
latency_p90: 1000
latency_p99: 3000
latency_stdev_pct: 66.44661915030208
latency_distribution: []
errors: {}
memory_usage_bytes: 374656204
cpu_usage_percent: 394.13
req_per_sec_avg: 56490.959099139065
req_per_sec_stdev: 6480.140763898314
req_per_sec_max: 61617.76025066376
req_per_sec_stdev_pct: 11.471111249015904
