requests_per_sec: 5816.999413796594
bytes_per_sec: 124463346
total_requests: 1350057
total_bytes: 29995666401
total_errors: 0
latency_mean: 11369.546159789332
latency_stdev: 8314.937464974568
latency_max: 1054000
latency_p50: 10000
latency_p75: 16000
latency_p90: 20000
latency_p99: 28000
latency_stdev_pct: 73.1334157768056
latency_distribution: []
errors: {}
memory_usage_bytes: 550712115
cpu_usage_percent: 394.61
req_per_sec_avg: 5578.7045979602435
req_per_sec_stdev: 795.5145999745457
req_per_sec_max: 5973.225925324174
req_per_sec_stdev_pct: 14.259844485499586
