requests_per_sec: 19058.67552088908
bytes_per_sec: 102261382
total_requests: 4005031
total_bytes: 24542731690
total_errors: 0
latency_mean: 18239.671344616225
latency_stdev: 11341.620726284431
latency_max: 251000
latency_p50: 17000
latency_p75: 25000
latency_p90: 31000
latency_p99: 54000
latency_stdev_pct: 62.18105859474338
latency_distribution: []
errors: {}
memory_usage_bytes: 111044198
cpu_usage_percent: 386.45
req_per_sec_avg: 16618.382807177546
req_per_sec_stdev: 2602.5053776020995
req_per_sec_max: 19646.488099177823
req_per_sec_stdev_pct: 15.66040094152884
