requests_per_sec: 8207.38838501714
bytes_per_sec: 46191620
total_requests: 1809080
total_bytes: 11085988976
total_errors: 0
latency_mean: 34847.64279575683
latency_stdev: 20226.751521696126
latency_max: 261000
latency_p50: 33000
latency_p75: 51000
latency_p90: 61000
latency_p99: 79000
latency_stdev_pct: 58.04338514442935
latency_distribution: []
errors: {}
memory_usage_bytes: 1195074650
cpu_usage_percent: 192.97
req_per_sec_avg: 7506.540913319836
req_per_sec_stdev: 839.015706853379
req_per_sec_max: 8521.176620161266
req_per_sec_stdev_pct: 11.177128274417369
