requests_per_sec: 133568.78510425956
bytes_per_sec: 27861134
total_requests: 29587064
total_bytes: 6686672170
total_errors: 0
latency_mean: 489.2358873465129
latency_stdev: 372.70238877443404
latency_max: 40000
latency_p50: 0
latency_p75: 0
latency_p90: 0
latency_p99: 1000
latency_stdev_pct: 76.18050891480468
latency_distribution: []
errors: {}
memory_usage_bytes: 42519756
cpu_usage_percent: 395.69
req_per_sec_avg: 122767.24046479184
req_per_sec_stdev: 14674.058588195414
req_per_sec_max: 136698.40626766343
req_per_sec_stdev_pct: 11.95274776287226
