requests_per_sec: 4852.096484416995
bytes_per_sec: 28276673
total_requests: 1107448
total_bytes: 6786401740
total_errors: 0
latency_mean: 60100.77270382652
latency_stdev: 107126.99874486614
latency_max: 3692000
latency_p50: 15000
latency_p75: 54000
latency_p90: 193000
latency_p99: 469000
latency_stdev_pct: 178.24562634624087
latency_distribution: []
errors: {}
memory_usage_bytes: 1063256064
cpu_usage_percent: 391.13
req_per_sec_avg: 4593.92939527838
req_per_sec_stdev: 492.4120695217417
req_per_sec_max: 4981.8912001783265
req_per_sec_stdev_pct: 10.718755713308102
