requests_per_sec: 7716.866898117607
bytes_per_sec: 162382432
total_requests: 1758437
total_bytes: 39134166146
total_errors: 0
latency_mean: 32390.21910830845
latency_stdev: 25098.35539111289
latency_max: 1239000
latency_p50: 27000
latency_p75: 49000
latency_p90: 60000
latency_p99: 104000
latency_stdev_pct: 77.48745171246736
latency_distribution: []
errors: {}
memory_usage_bytes: 340367769
cpu_usage_percent: 396.43
req_per_sec_avg: 7266.209892182724
req_per_sec_stdev: 1065.4903143721742
req_per_sec_max: 7859.839533040043
req_per_sec_stdev_pct: 14.663632487666934
