requests_per_sec: 92647.67498656249
bytes_per_sec: 15782722
total_requests: 21043657
total_bytes: 3787853400
total_errors: 0
latency_mean: 636.4498135456754
latency_stdev: 530.2614148210067
latency_max: 56000
latency_p50: 0
latency_p75: 0
latency_p90: 1000
latency_p99: 2000
latency_stdev_pct: 83.31551106392963
latency_distribution: []
errors: {}
memory_usage_bytes: 97066680
cpu_usage_percent: 395.23
req_per_sec_avg: 87317.89213739191
req_per_sec_stdev: 10067.55373582582
req_per_sec_max: 95457.51497539708
req_per_sec_stdev_pct: 11.529771836435131
