requests_per_sec: 2578.9286819939616
bytes_per_sec: 12196842
total_requests: 569021
total_bytes: 2927242168
total_errors: 0
latency_mean: 16321.214845697916
latency_stdev: 8090.034424190504
latency_max: 123000
latency_p50: 15000
latency_p75: 21000
latency_p90: 27000
latency_p99: 38000
latency_stdev_pct: 49.56759959766686
latency_distribution: []
errors: {}
memory_usage_bytes: 232888729
cpu_usage_percent: 367.86
req_per_sec_avg: 2361.0041879241385
req_per_sec_stdev: 469.1767604051768
req_per_sec_max: 2650.0287660622557
req_per_sec_stdev_pct: 19.871915636782088
