requests_per_sec: 7096.161051641569
bytes_per_sec: 31466031
total_requests: 1481415
total_bytes: 7551847580
total_errors: 0
latency_mean: 4837.531402694216
latency_stdev: 2699.356446773665
latency_max: 119000
latency_p50: 4000
latency_p75: 6000
latency_p90: 8000
latency_p99: 13000
latency_stdev_pct: 55.80028783420992
latency_distribution: []
errors: {}
memory_usage_bytes: 352216678
cpu_usage_percent: 395.13
req_per_sec_avg: 6146.942510416492
req_per_sec_stdev: 1499.782507020661
req_per_sec_max: 7265.646940673375
req_per_sec_stdev_pct: 24.398837381009468
