requests_per_sec: 120983.4072414699
bytes_per_sec: 20505006
total_requests: 27340028
total_bytes: 4921201440
total_errors: 0
latency_mean: 603.890321821458
latency_stdev: 513.5123523135687
latency_max: 228000
latency_p50: 0
latency_p75: 0
latency_p90: 1000
latency_p99: 2000
latency_stdev_pct: 85.03404240106207
latency_distribution: []
errors: {}
memory_usage_bytes: 160956416
cpu_usage_percent: 396.59
req_per_sec_avg: 113436.1789264094
req_per_sec_stdev: 13860.800301443003
req_per_sec_max: 124921.88507248572
req_per_sec_stdev_pct: 12.21902961879125
