requests_per_sec: 15683.23061550393
bytes_per_sec: 320905193
total_requests: 3475076
total_bytes: 77338151550
total_errors: 0
latency_mean: 2343.3589919832043
latency_stdev: 5783.102948810946
latency_max: 1564000
latency_p50: 1000
latency_p75: 2000
latency_p90: 3000
latency_p99: 7000
latency_stdev_pct: 246.78689729552096
latency_distribution: []
errors: {}
memory_usage_bytes: 105067315
cpu_usage_percent: 397.89
req_per_sec_avg: 14359.42919599976
req_per_sec_stdev: 2493.741985106828
req_per_sec_max: 15873.21765039918
req_per_sec_stdev_pct: 17.366581575551297
