requests_per_sec: 158045.96597324152
bytes_per_sec: 23935497
total_requests: 34605562
total_bytes: 5744519308
total_errors: 0
latency_mean: 649.8519012284419
latency_stdev: 452.50123987992947
latency_max: 210000
latency_p50: 0
latency_p75: 0
latency_p90: 1000
latency_p99: 2000
latency_stdev_pct: 69.63144049044831
latency_distribution: []
errors: {}
memory_usage_bytes: 52900659
cpu_usage_percent: 396.08
req_per_sec_avg: 143591.1144931179
req_per_sec_stdev: 18625.48079725716
req_per_sec_max: 160151.34775319407
req_per_sec_stdev_pct: 12.971193143117397
