requests_per_sec: 1078.991174245265
bytes_per_sec: 5303013
total_requests: 242102
total_bytes: 1272723255
total_errors: 0
latency_mean: 39759.41182483514
latency_stdev: 23694.440844730103
latency_max: 225000
latency_p50: 36000
latency_p75: 55000
latency_p90: 74000
latency_p99: 97000
latency_stdev_pct: 59.59454568673905
latency_distribution: []
errors: {}
memory_usage_bytes: 190735974
cpu_usage_percent: 355.93
req_per_sec_avg: 1004.573368086255
req_per_sec_stdev: 164.2459630530925
req_per_sec_max: 1107.7481476206956
req_per_sec_stdev_pct: 16.349822548649325
