requests_per_sec: 3033.533751688884
bytes_per_sec: 65628115
total_requests: 706054
total_bytes: 15816375779
total_errors: 0
latency_mean: 10930.144850856192
latency_stdev: 11867.79328256446
latency_max: 1204000
latency_p50: 9000
latency_p75: 14000
latency_p90: 19000
latency_p99: 33000
latency_stdev_pct: 108.57855448855116
latency_distribution: []
errors: {}
memory_usage_bytes: 180984217
cpu_usage_percent: 393.37
req_per_sec_avg: 2917.3625116558364
req_per_sec_stdev: 361.47968586782395
req_per_sec_max: 3127.917322889321
req_per_sec_stdev_pct: 12.390633129190904
