requests_per_sec: 7398.766246951008
bytes_per_sec: 2132409
total_requests: 1640320
total_bytes: 511778280
total_errors: 0
latency_mean: 10113.69611158791
latency_stdev: 6755.687449345121
latency_max: 247000
latency_p50: 9000
latency_p75: 13000
latency_p90: 19000
latency_p99: 31000
latency_stdev_pct: 66.79741387132145
latency_distribution: []
errors: {}
memory_usage_bytes: 165045862
cpu_usage_percent: 393.17
req_per_sec_avg: 6806.292643564064
req_per_sec_stdev: 622.1683911180139
req_per_sec_max: 7593.127929019348
req_per_sec_stdev_pct: 9.141076114414911
