requests_per_sec: 149713.32814199026
bytes_per_sec: 29978727
total_requests: 33004135
total_bytes: 7194894497
total_errors: 0
latency_mean: 597.229131925421
latency_stdev: 429.0499234564324
latency_max: 211000
latency_p50: 0
latency_p75: 0
latency_p90: 0
latency_p99: 2000
latency_stdev_pct: 71.84008624515825
latency_distribution: []
errors: {}
memory_usage_bytes: 44354764
cpu_usage_percent: 394.06
req_per_sec_avg: 136946.4348670915
req_per_sec_stdev: 17434.36696100887
req_per_sec_max: 152355.63691625535
req_per_sec_stdev_pct: 12.73079286651688
