requests_per_sec: 7234.395916361948
bytes_per_sec: 29781197
total_requests: 1404515
total_bytes: 7147487316
total_errors: 0
latency_mean: 11696.174893290045
latency_stdev: 6548.490747356595
latency_max: 92000
latency_p50: 10000
latency_p75: 15000
latency_p90: 20000
latency_p99: 31000
latency_stdev_pct: 55.98831076913348
latency_distribution: []
errors: {}
memory_usage_bytes: 279969792
cpu_usage_percent: 392.77
req_per_sec_avg: 5827.856293150366
req_per_sec_stdev: 1579.3117437255137
req_per_sec_max: 7471.504694485516
req_per_sec_stdev_pct: 27.099359769418484
