requests_per_sec: 978.4092072486686
bytes_per_sec: 4607998
total_requests: 216720
total_bytes: 1105919629
total_errors: 0
latency_mean: 30479.4279580584
latency_stdev: 14702.364437076629
latency_max: 185000
latency_p50: 30000
latency_p75: 43000
latency_p90: 49000
latency_p99: 59000
latency_stdev_pct: 48.23700909776916
latency_distribution: []
errors: {}
memory_usage_bytes: 165045862
cpu_usage_percent: 264.04
req_per_sec_avg: 899.2464794274233
req_per_sec_stdev: 151.3681967356475
req_per_sec_max: 1007.0155664466262
req_per_sec_stdev_pct: 16.832781689846378
