requests_per_sec: 789.7421705722829
bytes_per_sec: 17067368
total_requests: 184126
total_bytes: 4113235768
total_errors: 0
latency_mean: 348625.04778889613
latency_stdev: 198566.64601562545
latency_max: 1122000
latency_p50: 350000
latency_p75: 525000
latency_p90: 622000
latency_p99: 678000
latency_stdev_pct: 56.957079611750686
latency_distribution: []
errors: {}
memory_usage_bytes: 245786214
cpu_usage_percent: 394.7
req_per_sec_avg: 760.8170586772522
req_per_sec_stdev: 75.57008854680379
req_per_sec_max: 826.3822993265499
req_per_sec_stdev_pct: 9.932754225856748
