requests_per_sec: 3709.6881931141966
bytes_per_sec: 21657161
total_requests: 848211
total_bytes: 5197718640
total_errors: 0
latency_mean: 70532.30797392142
latency_stdev: 85684.60760765482
latency_max: 560000
latency_p50: 40000
latency_p75: 101000
latency_p90: 180000
latency_p99: 397000
latency_stdev_pct: 121.48277869956532
latency_distribution: []
errors: {}
memory_usage_bytes: 87252008
cpu_usage_percent: 374.97
req_per_sec_avg: 3519.3666095798335
req_per_sec_stdev: 421.02164363104094
req_per_sec_max: 3802.415082092752
req_per_sec_stdev_pct: 11.962994775395265
