requests_per_sec: 5037.820118223229
bytes_per_sec: 23700185
total_requests: 1096629
total_bytes: 5688044470
total_errors: 0
latency_mean: 16392.904418156275
latency_stdev: 9355.815223373316
latency_max: 88000
latency_p50: 15000
latency_p75: 22000
latency_p90: 29000
latency_p99: 41000
latency_stdev_pct: 57.07234657582158
latency_distribution: []
errors: {}
memory_usage_bytes: 696778752
cpu_usage_percent: 395.49
req_per_sec_avg: 4550.320018325858
req_per_sec_stdev: 1048.9513286291328
req_per_sec_max: 5192.682344423469
req_per_sec_stdev_pct: 23.052254004215296
