requests_per_sec: 7379.2056992995695
bytes_per_sec: 156062636
total_requests: 1689455
total_bytes: 37611095349
total_errors: 0
latency_mean: 7119.457546290213
latency_stdev: 17458.3715294285
latency_max: 1694000
latency_p50: 5000
latency_p75: 8000
latency_p90: 10000
latency_p99: 31000
latency_stdev_pct: 245.22053001812844
latency_distribution: []
errors: {}
memory_usage_bytes: 570739916
cpu_usage_percent: 393.87
req_per_sec_avg: 6981.168804673256
req_per_sec_stdev: 1013.7436476470878
req_per_sec_max: 7621.580502391942
req_per_sec_stdev_pct: 14.521116391978358
