requests_per_sec: 47991.23148725192
bytes_per_sec: 8216435
total_requests: 10943777
total_bytes: 1971944633
total_errors: 0
latency_mean: 2675.324555116867
latency_stdev: 1771.1686106215177
latency_max: 445000
latency_p50: 2000
latency_p75: 3000
latency_p90: 4000
latency_p99: 7000
latency_stdev_pct: 66.20387822606246
latency_distribution: []
errors: {}
memory_usage_bytes: 622434713
cpu_usage_percent: 391.04
req_per_sec_avg: 45409.72645095024
req_per_sec_stdev: 4977.826064794433
req_per_sec_max: 49270.96604877747
req_per_sec_stdev_pct: 10.962026098464344
