requests_per_sec: 8461.866318711569
bytes_per_sec: 38643167
total_requests: 1811031
total_bytes: 9274360094
total_errors: 0
latency_mean: 5026.175166290804
latency_stdev: 2653.318779338901
latency_max: 79000
latency_p50: 4000
latency_p75: 6000
latency_p90: 8000
latency_p99: 13000
latency_stdev_pct: 52.79001808639683
latency_distribution: []
errors: {}
memory_usage_bytes: 159278694
cpu_usage_percent: 386.03
req_per_sec_avg: 7514.640964007649
req_per_sec_stdev: 1866.3455196842635
req_per_sec_max: 8694.621149272663
req_per_sec_stdev_pct: 24.836123623515327
