requests_per_sec: 24323.015452104497
bytes_per_sec: 139588355
total_requests: 5466930
total_bytes: 33501205257
total_errors: 0
latency_mean: 12365.198343354179
latency_stdev: 10712.717750383868
latency_max: 356000
latency_p50: 11000
latency_p75: 18000
latency_p90: 25000
latency_p99: 40000
latency_stdev_pct: 86.63603650273465
latency_distribution: []
errors: {}
memory_usage_bytes: 46336573
cpu_usage_percent: 395.04
req_per_sec_avg: 22677.264162743475
req_per_sec_stdev: 2696.2621369774924
req_per_sec_max: 24931.01229098906
req_per_sec_stdev_pct: 11.889715256777698
