requests_per_sec: 14439.448055146462
bytes_per_sec: 80901000
total_requests: 3168462
total_bytes: 19416240179
total_errors: 0
latency_mean: 20961.445474433604
latency_stdev: 17059.39320048156
latency_max: 290000
latency_p50: 17000
latency_p75: 29000
latency_p90: 42000
latency_p99: 76000
latency_stdev_pct: 81.38462216877494
latency_distribution: []
errors: {}
memory_usage_bytes: 217264947
cpu_usage_percent: 380.34
req_per_sec_avg: 13147.084828680505
req_per_sec_stdev: 1657.7528570428335
req_per_sec_max: 14911.138072065563
req_per_sec_stdev_pct: 12.609280906337716
