requests_per_sec: 11247.58635073642
bytes_per_sec: 51125932
total_requests: 2396031
total_bytes: 12270223749
total_errors: 0
latency_mean: 3796.2213276679113
latency_stdev: 1733.319308605792
latency_max: 50000
latency_p50: 3000
latency_p75: 4000
latency_p90: 6000
latency_p99: 8000
latency_stdev_pct: 45.659068821221815
latency_distribution: []
errors: {}
memory_usage_bytes: 35378954
cpu_usage_percent: 392.41
req_per_sec_avg: 9942.037343810443
req_per_sec_stdev: 2424.0460858744764
req_per_sec_max: 11595.623178523776
req_per_sec_stdev_pct: 24.38178415597685
