requests_per_sec: 5503.814044185327
bytes_per_sec: 116650084
total_requests: 1260540
total_bytes: 28112670446
total_errors: 0
latency_mean: 49374.83431441656
latency_stdev: 34240.58950777655
latency_max: 1304000
latency_p50: 48000
latency_p75: 71000
latency_p90: 88000
latency_p99: 148000
latency_stdev_pct: 69.3482620918465
latency_distribution: []
errors: {}
memory_usage_bytes: 888143872
cpu_usage_percent: 393.95
req_per_sec_avg: 5208.804971355848
req_per_sec_stdev: 731.5001682803904
req_per_sec_max: 5666.84753321717
req_per_sec_stdev_pct: 14.043531526003392
