requests_per_sec: 53701.49828576477
bytes_per_sec: 11534072
total_requests: 12141149
total_bytes: 2768177412
total_errors: 0
latency_mean: 1363.9765506915794
latency_stdev: 904.4385834208736
latency_max: 105000
latency_p50: 1000
latency_p75: 1000
latency_p90: 2000
latency_p99: 4000
latency_stdev_pct: 66.30895398914993
latency_distribution: []
errors: {}
memory_usage_bytes: 379165081
cpu_usage_percent: 394.66
req_per_sec_avg: 50378.13834962236
req_per_sec_stdev: 5557.389188496383
req_per_sec_max: 55307.58242775266
req_per_sec_stdev_pct: 11.031350840970571
