requests_per_sec: 15131.768661117054
bytes_per_sec: 84482126
total_requests: 3308731
total_bytes: 20275710399
total_errors: 0
latency_mean: 21493.928642913183
latency_stdev: 19533.915517979174
latency_max: 312000
latency_p50: 15000
latency_p75: 30000
latency_p90: 47000
latency_p99: 87000
latency_stdev_pct: 90.88108480540504
latency_distribution: []
errors: {}
memory_usage_bytes: 711458816
cpu_usage_percent: 393.32
req_per_sec_avg: 13729.05981058895
req_per_sec_stdev: 1854.569523344987
req_per_sec_max: 15599.25012943417
req_per_sec_stdev_pct: 13.508350527503673
