requests_per_sec: 61466.468981298756
bytes_per_sec: 10183981
total_requests: 13503641
total_bytes: 2444155582
total_errors: 0
latency_mean: 3073.8574002838545
latency_stdev: 1872.45709911149
latency_max: 74000
latency_p50: 2000
latency_p75: 4000
latency_p90: 5000
latency_p99: 8000
latency_stdev_pct: 60.915548617791394
latency_distribution: []
errors: {}
memory_usage_bytes: 51642368
cpu_usage_percent: 395.72
req_per_sec_avg: 56031.35187184275
req_per_sec_stdev: 6881.73577767438
req_per_sec_max: 62977.16055483752
req_per_sec_stdev_pct: 12.281937786214
