requests_per_sec: 120023.2636427267
bytes_per_sec: 22584379
total_requests: 26311922
total_bytes: 5420250988
total_errors: 0
latency_mean: 1653.9744301263538
latency_stdev: 1147.3776594758551
latency_max: 232000
latency_p50: 1000
latency_p75: 2000
latency_p90: 3000
latency_p99: 5000
latency_stdev_pct: 69.37094301924623
latency_distribution: []
errors: {}
memory_usage_bytes: 73693921
cpu_usage_percent: 393.76
req_per_sec_avg: 109168.83096625294
req_per_sec_stdev: 14395.237856174836
req_per_sec_max: 122636.2627616842
req_per_sec_stdev_pct: 13.186216000265494
