requests_per_sec: 5358.367475601821
bytes_per_sec: 25057884
total_requests: 1168283
total_bytes: 6013892187
total_errors: 0
latency_mean: 5541.774313045266
latency_stdev: 2802.0276134612927
latency_max: 144000
latency_p50: 4000
latency_p75: 6000
latency_p90: 9000
latency_p99: 13000
latency_stdev_pct: 50.56192214225245
latency_distribution: []
errors: {}
memory_usage_bytes: 579443097
cpu_usage_percent: 394.67
req_per_sec_avg: 4847.637778425688
req_per_sec_stdev: 1098.2138500387944
req_per_sec_max: 5514.678160681721
req_per_sec_stdev_pct: 22.654618604681488
