requests_per_sec: 37470.293300542646
bytes_per_sec: 10261332
total_requests: 8434002
total_bytes: 2462719824
total_errors: 0
latency_mean: 2218.6529693429893
latency_stdev: 1315.4930789656476
latency_max: 158000
latency_p50: 2000
latency_p75: 3000
latency_p90: 3000
latency_p99: 5000
latency_stdev_pct: 59.29242189485835
latency_distribution: []
errors: {}
memory_usage_bytes: 184549376
cpu_usage_percent: 394.78
req_per_sec_avg: 34995.74142533813
req_per_sec_stdev: 3599.206868460469
req_per_sec_max: 38453.4397132302
req_per_sec_stdev_pct: 10.284699571629933
