requests_per_sec: 117541.10795433559
bytes_per_sec: 20333456
total_requests: 25684397
total_bytes: 4880029540
total_errors: 0
latency_mean: 661.1972631881716
latency_stdev: 370.70141567576894
latency_max: 59000
latency_p50: 0
latency_p75: 0
latency_p90: 1000
latency_p99: 1000
latency_stdev_pct: 56.0651769622147
latency_distribution: []
errors: {}
memory_usage_bytes: 166723584
cpu_usage_percent: 395.77
req_per_sec_avg: 106574.141677357
req_per_sec_stdev: 13289.000353053263
req_per_sec_max: 120135.00444499515
req_per_sec_stdev_pct: 12.469253933364474
