requests_per_sec: 1418.2252963369879
bytes_per_sec: 6359868
total_requests: 296443
total_bytes: 1526368450
total_errors: 0
latency_mean: 50225.74336526797
latency_stdev: 30597.15365761398
latency_max: 287000
latency_p50: 46000
latency_p75: 70000
latency_p90: 91000
latency_p99: 133000
latency_stdev_pct: 60.91926491778413
latency_distribution: []
errors: {}
memory_usage_bytes: 569586483
cpu_usage_percent: 394.12
req_per_sec_avg: 1230.0572259878516
req_per_sec_stdev: 214.0921539544717
req_per_sec_max: 1464.0184371266807
req_per_sec_stdev_pct: 17.40505640154551
