requests_per_sec: 37680.12769854616
bytes_per_sec: 7725246
total_requests: 8544080
total_bytes: 1854059067
total_errors: 0
latency_mean: 3245.6008488112425
latency_stdev: 1892.475128464344
latency_max: 111000
latency_p50: 3000
latency_p75: 4000
latency_p90: 5000
latency_p99: 8000
latency_stdev_pct: 58.308930044724875
latency_distribution: []
errors: {}
memory_usage_bytes: 104553512
cpu_usage_percent: 396.24
req_per_sec_avg: 35452.49735824236
req_per_sec_stdev: 3698.474694168572
req_per_sec_max: 38387.83447474581
req_per_sec_stdev_pct: 10.432197926132028
