requests_per_sec: 11844.765000123614
bytes_per_sec: 250045424
total_requests: 2707738
total_bytes: 60260947344
total_errors: 0
latency_mean: 16550.512273059558
latency_stdev: 19986.538609303032
latency_max: 1141000
latency_p50: 9000
latency_p75: 22000
latency_p90: 40000
latency_p99: 93000
latency_stdev_pct: 120.76084582491468
latency_distribution: []
errors: {}
memory_usage_bytes: 87262494
cpu_usage_percent: 390.36
req_per_sec_avg: 11188.97478019883
req_per_sec_stdev: 1843.901007342629
req_per_sec_max: 12108.85059831913
req_per_sec_stdev_pct: 16.479624304862924
