requests_per_sec: 135142.11010505218
bytes_per_sec: 22003021
total_requests: 29175285
total_bytes: 5280725137
total_errors: 0
latency_mean: 542.2865264538401
latency_stdev: 433.89921805959256
latency_max: 216000
latency_p50: 0
latency_p75: 0
latency_p90: 1000
latency_p99: 2000
latency_stdev_pct: 80.01290773292455
latency_distribution: []
errors: {}
memory_usage_bytes: 27797749
cpu_usage_percent: 394.76
req_per_sec_avg: 121059.2247378009
req_per_sec_stdev: 15787.144931851271
req_per_sec_max: 137343.44817050235
req_per_sec_stdev_pct: 13.040844236401025
