requests_per_sec: 1488.6464968727098
bytes_per_sec: 5854491
total_requests: 263061
total_bytes: 1405078027
total_errors: 0
latency_mean: 68725.63794031143
latency_stdev: 38516.50616102128
latency_max: 616000
latency_p50: 70000
latency_p75: 91000
latency_p90: 112000
latency_p99: 187000
latency_stdev_pct: 56.04386851159252
latency_distribution: []
errors: {}
memory_usage_bytes: 829738188
cpu_usage_percent: 391.04
req_per_sec_avg: 1091.527136000873
req_per_sec_stdev: 224.6112454277129
req_per_sec_max: 1604.3177590600064
req_per_sec_stdev_pct: 20.577706043171908
