requests_per_sec: 6560.12563200966
bytes_per_sec: 2978167
total_requests: 1467651
total_bytes: 714760229
total_errors: 0
latency_mean: 19041.026029722587
latency_stdev: 10003.402633779322
latency_max: 294000
latency_p50: 18000
latency_p75: 26000
latency_p90: 31000
latency_p99: 44000
latency_stdev_pct: 52.53604831044424
latency_distribution: []
errors: {}
memory_usage_bytes: 673395507
cpu_usage_percent: 398.33
req_per_sec_avg: 6089.812202845852
req_per_sec_stdev: 606.9772668055133
req_per_sec_max: 6724.859578207148
req_per_sec_stdev_pct: 9.967093345207994
