requests_per_sec: 11607.925734744462
bytes_per_sec: 244844818
total_requests: 2651421
total_bytes: 59007601298
total_errors: 0
latency_mean: 2792.7802956322084
latency_stdev: 6379.017185760464
latency_max: 1128000
latency_p50: 2000
latency_p75: 3000
latency_p90: 4000
latency_p99: 8000
latency_stdev_pct: 228.41099229097895
latency_distribution: []
errors: {}
memory_usage_bytes: 62212014
cpu_usage_percent: 397.0
req_per_sec_avg: 10956.143216660694
req_per_sec_stdev: 1755.0405335990436
req_per_sec_max: 11819.74288513302
req_per_sec_stdev_pct: 16.018780504166862
