requests_per_sec: 139316.77716816132
bytes_per_sec: 23200094
total_requests: 30762575
total_bytes: 5568022636
total_errors: 0
latency_mean: 891.0370075806618
latency_stdev: 546.583326673764
latency_max: 55000
latency_p50: 0
latency_p75: 1000
latency_p90: 1000
latency_p99: 2000
latency_stdev_pct: 61.34238219328776
latency_distribution: []
errors: {}
memory_usage_bytes: 38157680
cpu_usage_percent: 393.82
req_per_sec_avg: 127641.00643463044
req_per_sec_stdev: 16516.87327410149
req_per_sec_max: 142579.0815984571
req_per_sec_stdev_pct: 12.94009953028722
