requests_per_sec: 11516.92711419831
bytes_per_sec: 51630600
total_requests: 2413783
total_bytes: 12391344148
total_errors: 0
latency_mean: 2954.9133198441077
latency_stdev: 1574.6827760511687
latency_max: 69000
latency_p50: 2000
latency_p75: 3000
latency_p90: 4000
latency_p99: 9000
latency_stdev_pct: 53.29032041231735
latency_distribution: []
errors: {}
memory_usage_bytes: 61761126
cpu_usage_percent: 393.64
req_per_sec_avg: 10015.664341528884
req_per_sec_stdev: 2524.073468065323
req_per_sec_max: 11827.051328558831
req_per_sec_stdev_pct: 25.2012585685357
