requests_per_sec: 2995.1279046203563
bytes_per_sec: 17558437
total_requests: 687681
total_bytes: 4214024972
total_errors: 0
latency_mean: 5408.576584947454
latency_stdev: 3759.328629559826
latency_max: 1224000
latency_p50: 4000
latency_p75: 7000
latency_p90: 10000
latency_p99: 16000
latency_stdev_pct: 69.50680221525141
latency_distribution: []
errors: {}
memory_usage_bytes: 211602636
cpu_usage_percent: 395.05
req_per_sec_avg: 2853.231996681568
req_per_sec_stdev: 272.4639823189908
req_per_sec_max: 3039.4126580171665
req_per_sec_stdev_pct: 9.54931048845233
