requests_per_sec: 139058.11611847905
bytes_per_sec: 15408907
total_requests: 28667759
total_bytes: 3698137815
total_errors: 0
latency_mean: 442.8670953393221
latency_stdev: 309.8890169787865
latency_max: 207000
latency_p50: 0
latency_p75: 0
latency_p90: 0
latency_p99: 1000
latency_stdev_pct: 69.9733667820481
latency_distribution: []
errors: {}
memory_usage_bytes: 48203038
cpu_usage_percent: 394.33
req_per_sec_avg: 118952.82696090548
req_per_sec_stdev: 15981.349116910242
req_per_sec_max: 140735.32854150145
req_per_sec_stdev_pct: 13.435030949001828
