requests_per_sec: 10302.407409435571
bytes_per_sec: 46518263
total_requests: 2179314
total_bytes: 11164383291
total_errors: 0
latency_mean: 3878.292029287404
latency_stdev: 1602.6630602956168
latency_max: 60000
latency_p50: 3000
latency_p75: 4000
latency_p90: 5000
latency_p99: 8000
latency_stdev_pct: 41.3239397186418
latency_distribution: []
errors: {}
memory_usage_bytes: 127926272
cpu_usage_percent: 377.43
req_per_sec_avg: 9042.781651345003
req_per_sec_stdev: 2460.334941580666
req_per_sec_max: 10581.096226246931
req_per_sec_stdev_pct: 27.207722539830662
