requests_per_sec: 2154.432157310273
bytes_per_sec: 10173201
total_requests: 471755
total_bytes: 2441568341
total_errors: 0
latency_mean: 10970.782420189384
latency_stdev: 4663.719062328269
latency_max: 1134000
latency_p50: 10000
latency_p75: 14000
latency_p90: 16000
latency_p99: 25000
latency_stdev_pct: 42.51035964167595
latency_distribution: []
errors: {}
memory_usage_bytes: 64351109
cpu_usage_percent: 392.81
req_per_sec_avg: 1957.4810505533617
req_per_sec_stdev: 384.54197685034376
req_per_sec_max: 2203.162209925818
req_per_sec_stdev_pct: 19.64473560250493
