requests_per_sec: 5130.915037281311
bytes_per_sec: 110700909
total_requests: 1195825
total_bytes: 26678919173
total_errors: 0
latency_mean: 51989.79759213791
latency_stdev: 31217.87040327171
latency_max: 1053000
latency_p50: 51000
latency_p75: 76000
latency_p90: 92000
latency_p99: 119000
latency_stdev_pct: 60.04614722330174
latency_distribution: []
errors: {}
memory_usage_bytes: 70254592
cpu_usage_percent: 396.22
req_per_sec_avg: 4941.398202716789
req_per_sec_stdev: 669.052768591179
req_per_sec_max: 5239.811642158428
req_per_sec_stdev_pct: 13.539746062629252
