requests_per_sec: 15447.979798411932
bytes_per_sec: 87050845
total_requests: 3409332
total_bytes: 20892202845
total_errors: 0
latency_mean: 20287.160904019707
latency_stdev: 16837.639488461406
latency_max: 424000
latency_p50: 17000
latency_p75: 28000
latency_p90: 41000
latency_p99: 68000
latency_stdev_pct: 82.9965295199349
latency_distribution: []
errors: {}
memory_usage_bytes: 34068234
cpu_usage_percent: 228.21
req_per_sec_avg: 14146.53655771914
req_per_sec_stdev: 1696.0234467433547
req_per_sec_max: 15622.827883305208
req_per_sec_stdev_pct: 11.98896591984495
