requests_per_sec: 6748.255324068346
bytes_per_sec: 143646027
total_requests: 1551219
total_bytes: 34618692634
total_errors: 0
latency_mean: 38255.06472410185
latency_stdev: 28216.658383708076
latency_max: 1334000
latency_p50: 34000
latency_p75: 56000
latency_p90: 67000
latency_p99: 125000
latency_stdev_pct: 73.75927498021126
latency_distribution: []
errors: {}
memory_usage_bytes: 801531494
cpu_usage_percent: 400.1
req_per_sec_avg: 6409.580129778295
req_per_sec_stdev: 922.2668532842764
req_per_sec_max: 6889.468360395033
req_per_sec_stdev_pct: 14.38888093464208
