requests_per_sec: 67092.90550418814
bytes_per_sec: 12337928
total_requests: 15107698
total_bytes: 2961102928
total_errors: 0
latency_mean: 1425.8373241114207
latency_stdev: 1577.1747458007248
latency_max: 183000
latency_p50: 0
latency_p75: 1000
latency_p90: 3000
latency_p99: 7000
latency_stdev_pct: 110.61393323979772
latency_distribution: []
errors: {}
memory_usage_bytes: 55259955
cpu_usage_percent: 387.17
req_per_sec_avg: 62687.39643228475
req_per_sec_stdev: 6993.019417120956
req_per_sec_max: 68213.18922338691
req_per_sec_stdev_pct: 11.155383402586915
