requests_per_sec: 92282.07342261556
bytes_per_sec: 13827715
total_requests: 19991900
total_bytes: 3318651748
total_errors: 0
latency_mean: 547.7078221624835
latency_stdev: 466.1750657420664
latency_max: 81000
latency_p50: 0
latency_p75: 0
latency_p90: 1000
latency_p99: 2000
latency_stdev_pct: 85.11382289584509
latency_distribution: []
errors: {}
memory_usage_bytes: 45015367
cpu_usage_percent: 391.7
req_per_sec_avg: 82953.71207001162
req_per_sec_stdev: 9649.961471281911
req_per_sec_max: 94075.63886766355
req_per_sec_stdev_pct: 11.632947134586937
