requests_per_sec: 7678.901059804591
bytes_per_sec: 159807021
total_requests: 1732339
total_bytes: 38513492301
total_errors: 0
latency_mean: 35511.202801043255
latency_stdev: 24070.043468329597
latency_max: 1231000
latency_p50: 33000
latency_p75: 51000
latency_p90: 67000
latency_p99: 97000
latency_stdev_pct: 67.78154939776488
latency_distribution: []
errors: {}
memory_usage_bytes: 538129203
cpu_usage_percent: 392.17
req_per_sec_avg: 7158.099360093514
req_per_sec_stdev: 1156.9681591627343
req_per_sec_max: 7877.45993337567
req_per_sec_stdev_pct: 16.163063698344914
