requests_per_sec: 94533.87915980662
bytes_per_sec: 12683249
total_requests: 21286595
total_bytes: 3043979939
total_errors: 0
latency_mean: 1569.546576939587
latency_stdev: 1182.935354020458
latency_max: 56000
latency_p50: 1000
latency_p75: 2000
latency_p90: 3000
latency_p99: 5000
latency_stdev_pct: 75.36796750097274
latency_distribution: []
errors: {}
memory_usage_bytes: 269484032
cpu_usage_percent: 395.52
req_per_sec_avg: 88326.11108819474
req_per_sec_stdev: 10876.71225576312
req_per_sec_max: 96768.23391811448
req_per_sec_stdev_pct: 12.31426598744123
